20
-9.626561164855957 0.095710754394531 0.690771102905273
-6.677897453308105 -1.539621353149414 5.403666496276855
-3.550388813018799 -1.457519531250000 0.392625808715820
-1.923658370971680 -4.246501922607422 -8.103136062622070
0.863636016845703 -5.592726230621338 7.581789016723633
6.852025985717773 5.814738273620605 -4.785923957824707
-9.096380233764648 6.757339477539062 -2.625350952148438
-0.388010978698730 9.401231765747070 4.804395675659180
-3.739082336425781 -1.925747871398926 5.665865898132324
1.721892356872559 7.105792999267578 -6.009218692779541
2.423437118530273 7.168458938598633 -7.599514007568359
-0.751554489135742 -2.253548622131348 -3.931257724761963
5.311411857604980 -2.848898887634277 -3.693971633911133
5.751789093017578 -4.227341651916504 -4.441276073455811
3.240949630737305 -9.567973136901855 -2.256782054901123
1.816588401794434 3.147696495056152 -6.582380294799805
-5.279287338256836 -8.027375221252441 -7.621821403503418
-2.318511962890625 6.832151412963867 -7.697266578674316
-8.746629714965820 3.477407455444336 4.652954101562500
-9.345552444458008 1.193471908569336 6.581003189086914
